Bleu_1:		0.6973925876639426
Bleu_2:		0.5264493866278718
Bleu_3:		0.3930903224124369
Bleu_4:		0.2951751749676048
METEOR:		0.24426645926733742
ROUGE_L:	0.5153868536238717
CIDEr:		0.8873079282067932
