Bleu_1:		0.6868040684566745
Bleu_2:		0.5124703693454212
Bleu_3:		0.36927581431550116
Bleu_4:		0.26405515233270316
METEOR:		0.24061552666712843
ROUGE_L:	0.5096541166825824
CIDEr:		0.8459501922037445
