Bleu_1:		0.6983671604777114
Bleu_2:		0.5273136529737456
Bleu_3:		0.3917482162950413
Bleu_4:		0.2919212992356482
METEOR:		0.24507320913053215
ROUGE_L:	0.5168022469476938
CIDEr:		0.8890034080406553
