Bleu_1:		0.7009903396642783
Bleu_2:		0.5274976799083249
Bleu_3:		0.3931743153289677
Bleu_4:		0.2953343501100635
METEOR:		0.2411482531768153
ROUGE_L:	0.5163476487406905
CIDEr:		0.8716742719008523
