Bleu_1:		0.6921901646887001
Bleu_2:		0.5163067114711977
Bleu_3:		0.3724773970871133
Bleu_4:		0.26774242045284824
METEOR:		0.23703674080101253
ROUGE_L:	0.5107559885661802
CIDEr:		0.8338268880284728
