Bleu_1:		0.6889954175085491
Bleu_2:		0.5129999407185124
Bleu_3:		0.37839798821544995
Bleu_4:		0.28219153582288353
METEOR:		0.23722270309412608
ROUGE_L:	0.5084030546925036
CIDEr:		0.8351455487985816
