Bleu_1:		0.6819809410467198
Bleu_2:		0.506854590090311
Bleu_3:		0.3751637164290586
Bleu_4:		0.28215500270797034
METEOR:		0.235643610562806
ROUGE_L:	0.504692773131487
CIDEr:		0.831076407385062
