Bleu_1:		0.6838506314326556
Bleu_2:		0.5050723669529105
Bleu_3:		0.3615737902758572
Bleu_4:		0.2586885542314155
METEOR:		0.2329684569437792
ROUGE_L:	0.504388546475932
CIDEr:		0.8072218816920799
