Bleu_1:		0.6805149017953862
Bleu_2:		0.5002084317371547
Bleu_3:		0.3554674363407174
Bleu_4:		0.2523414884033235
METEOR:		0.22779134279595048
ROUGE_L:	0.500818613075561
CIDEr:		0.7805530446779004
