Bleu_1:		0.6668509687377595
Bleu_2:		0.48359205997981486
Bleu_3:		0.3377015873184741
Bleu_4:		0.235939362257096
METEOR:		0.21627691465753998
ROUGE_L:	0.48606628609991237
CIDEr:		0.7203836905129578
