Bleu_1:		0.6770731018184014
Bleu_2:		0.5028513141351064
Bleu_3:		0.37163808740266147
Bleu_4:		0.27960907587422146
METEOR:		0.23317714590733862
ROUGE_L:	0.5043084014513695
CIDEr:		0.811382546519169
