Bleu_1:		0.6850159936733
Bleu_2:		0.509907757555009
Bleu_3:		0.37589743923732105
Bleu_4:		0.28043130828881896
METEOR:		0.23371688470686056
ROUGE_L:	0.5080190365026476
CIDEr:		0.8165179204934079
