Bleu_1:		0.7281425011458869
Bleu_2:		0.5580078349445432
Bleu_3:		0.4187663838543698
Bleu_4:		0.3137410651490353
METEOR:		0.25494403889558387
ROUGE_L:	0.5359239705643518
CIDEr:		0.9625052080986969
