Bleu_1:		0.7114626766218863
Bleu_2:		0.5384221076273144
Bleu_3:		0.39258293916156556
Bleu_4:		0.2836819193317249
METEOR:		0.2502234599670392
ROUGE_L:	0.5268681378542818
CIDEr:		0.9173803237697346
