Bleu_1:		0.7146028917628985
Bleu_2:		0.5422218344187376
Bleu_3:		0.4038012980924483
Bleu_4:		0.300214982958325
METEOR:		0.24530955152358844
ROUGE_L:	0.5231915976476277
CIDEr:		0.9059828561794324
