Bleu_1:		0.7005814317287001
Bleu_2:		0.5228312929123402
Bleu_3:		0.37601937522360246
Bleu_4:		0.26795692978870483
METEOR:		0.240283192061083
ROUGE_L:	0.5138029621534983
CIDEr:		0.8601803657972918
