Bleu_1:		0.684573752936934
Bleu_2:		0.5089962303308888
Bleu_3:		0.3762162424711571
Bleu_4:		0.2808992177438365
METEOR:		0.23597755409526258
ROUGE_L:	0.5056494159784024
CIDEr:		0.8291691106558001
