Bleu_1:		0.6802565834566732
Bleu_2:		0.5028613431434666
Bleu_3:		0.36052746111858364
Bleu_4:		0.25816678068654886
METEOR:		0.23284682966941528
ROUGE_L:	0.5041077744606782
CIDEr:		0.801076559745321
