Bleu_1:		0.6759740920044304
Bleu_2:		0.5003074161745568
Bleu_3:		0.3707042104748793
Bleu_4:		0.2788057247225955
METEOR:		0.23403519340875742
ROUGE_L:	0.5002087611375234
CIDEr:		0.8190654747262125
