Bleu_1:		0.7261758157868854
Bleu_2:		0.5553942568581365
Bleu_3:		0.4163794823717035
Bleu_4:		0.31143960530457987
METEOR:		0.2543714289664994
ROUGE_L:	0.53301226997098
CIDEr:		0.9582586880201538
