Bleu_1:		0.7085406095165919
Bleu_2:		0.5349416348032348
Bleu_3:		0.3899246455724853
Bleu_4:		0.28157377804610756
METEOR:		0.24882881522319283
ROUGE_L:	0.523460037732521
CIDEr:		0.912034606722899
