Bleu_1:		0.7198193194084893
Bleu_2:		0.5500685816607702
Bleu_3:		0.4128917108057556
Bleu_4:		0.3105303602687702
METEOR:		0.2544825409564547
ROUGE_L:	0.5305364962074254
CIDEr:		0.9545780532653132
