Bleu_1:		0.7074459409366102
Bleu_2:		0.5354980837663368
Bleu_3:		0.39146286426177024
Bleu_4:		0.28391129451433006
METEOR:		0.24995144154624094
ROUGE_L:	0.5246219447354138
CIDEr:		0.9180326763579196
