Bleu_1:		0.6927599335310556
Bleu_2:		0.516885641760316
Bleu_3:		0.3823918106008089
Bleu_4:		0.28528352657568706
METEOR:		0.24049409872323793
ROUGE_L:	0.5128206121257542
CIDEr:		0.8541128337798612
