Bleu_1:		0.6880564438099555
Bleu_2:		0.5111510155549698
Bleu_3:		0.36793378454345904
Bleu_4:		0.2641982642209997
METEOR:		0.2369517756737431
ROUGE_L:	0.5092043373115646
CIDEr:		0.8312115052952093
