Bleu_1:		0.688022380164487
Bleu_2:		0.512238507659457
Bleu_3:		0.3805835431195722
Bleu_4:		0.28626180347104413
METEOR:		0.23922290361957582
ROUGE_L:	0.5096578311216965
CIDEr:		0.8501451715677152
