Bleu_1:		0.7004198249810286
Bleu_2:		0.5268254229761604
Bleu_3:		0.39235415709449806
Bleu_4:		0.29431145795816244
METEOR:		0.24282864042511687
ROUGE_L:	0.5174593183722986
CIDEr:		0.8751363122359771
