Bleu_1:		0.6927506388468487
Bleu_2:		0.51776174133428
Bleu_3:		0.37402891427756135
Bleu_4:		0.2691267964110597
METEOR:		0.23818531877088683
ROUGE_L:	0.5128930642876277
CIDEr:		0.8436891745089043
