Bleu_1:		0.7138628955945728
Bleu_2:		0.5431994865334272
Bleu_3:		0.4067861325886952
Bleu_4:		0.30693002079826615
METEOR:		0.24976434432677172
ROUGE_L:	0.5295230200659387
CIDEr:		0.9248558319541704
