Bleu_1:		0.7065335375750672
Bleu_2:		0.5323684844897573
Bleu_3:		0.3861298108084129
Bleu_4:		0.2790898233256096
METEOR:		0.2422188169199506
ROUGE_L:	0.5206818788236809
CIDEr:		0.8849146780514029
